4294967278,326
4294967278,255
4294967294,1418
4294967278,188
4294967278,279
4294967279,268
4294967279,296
4294967278,180
2782,6
2782,5
2782,4
4294967278,181
2782,3
2782,2
2782,1
4294967279,178
4294967279,177
4294967279,163
4294967279,162
4294967279,320
2779,5
2779,4
2779,3
2779,2
2779,1
4294967278,154
4294967278,151
4294967279,148
4294967278,144
2777,5
2777,4
2777,3
2777,2
2777,1
2775,6
2775,5
2775,4
2775,3
2775,2
2775,1
4294967278,426
4294967278,40
4294967278,39
4294967278,38
4294967278,37
4294967278,36
4294967278,35
4294967278,34
4294967278,33
4294967278,32
4294967278,31
4294967278,30
4294967278,29
4294967278,28
4294967278,27
4294967278,26
4294967278,25
4294967278,24
4294967278,23
4294967278,22
4294967278,21
4294967278,20
4294967278,19
4294967278,18
4294967278,17
4294967278,15
4294967278,10
4294967278,8
4294967278,7
4294967278,6
4294967278,4
4294967279,131
4294967279,130
4294967279,129
4294967279,128
4294967279,126
4294967279,113
4294967279,112
4294967279,111
4294967278,16
4294967278,14
4294967279,306
4294967278,13
2774,5
2774,4
2774,3
2774,2
2774,1
4294967278,5
4294967279,132
4294967279,125
4294967279,127
2772,4
2772,3
2772,2
2772,1
4294967279,118
4294967279,124
4294967279,305
4294967279,123
4294967279,122
4294967279,121
4294967278,266
4294967279,120
4294967279,119
4294967279,117
4294967279,116
4294967279,115
4294967279,114
4294967294,182
4294967278,136
4294967279,135
4294967278,135
4294967279,134
4294967279,133
4294967278,287
4294967278,269
4294967278,265
4294967278,330
4294967279,258
4294967279,257
4294967278,278
4294967278,369
4294967279,574
2771,6
2771,5
2771,4
2771,3
2771,2
2771,1
4294967278,134
4294967279,279
4294967278,273
4294967278,270
4294967279,264
4294967278,268
4294967279,263
4294967278,267
4294967278,263
4294967278,281
4294967279,261
4294967278,264
4294967279,254
4294967279,253
2768,5
4294967278,257
2768,4
2768,2
2768,1
4294967278,379
4294967278,354
4294967279,321
2766,5
2766,4
2766,3
2766,2
2766,1
2764,6
2764,5
2764,4
2764,3
2764,2
2764,1
4294967278,256
2763,5
2763,4
2763,3
2763,2
2763,1
2761,4
2761,3
2761,2
2761,1
4294967278,302
4294967279,298
4294967278,431
4294967278,392
4294967279,295
2760,6
2760,5
2760,4
2760,3
2760,2
2760,1
4294967279,294
2757,5
2757,4
2757,2
2757,1
2755,5
2755,4
2755,3
2755,2
2755,1
4294967278,446
2753,6
2753,5
4294967278,328
2753,4
2753,3
2753,2
2753,1
2752,5
2752,4
2752,3
2752,2
2752,1
4294967279,248
2750,4
2750,3
2750,2
2750,1
4294967294,109
4294967278,316
4294967278,315
4294967278,444
4294967279,260
2749,6
2749,5
2749,4
2749,3
2749,2
2749,1
4294967278,190
2746,5
2746,4
2746,2
2746,1
4294967278,160
2744,5
2744,4
2744,3
2744,2
2744,1
2742,6
4294967279,573
2742,5
2742,4
2742,3
2742,2
2742,1
2741,5
2741,4
2741,3
2741,2
2741,1
2739,4
2739,3
2739,2
2739,1
4294967294,407
4294967294,386
4294967278,438
4294967278,437
4294967278,414
4294967279,560
4294967278,323
4294967278,253
2738,6
2738,5
2738,4
2738,3
2738,2
2738,1
2735,5
2735,4
2735,2
2735,1
2733,5
2733,4
2733,3
2733,2
2733,1
2731,6
2731,5
4294967279,173
2731,4
2731,3
2731,2
2731,1
2730,5
2730,4
2730,3
2730,2
2730,1
4294967294,469
2728,4
2728,3
2728,2
2728,1
4294967279,522
4294967294,1171
4294967294,463
4294967279,266
4294967279,550
2727,6
2727,5
2727,4
2727,3
2727,2
2727,1
4294967278,325
4294967278,250
4294967278,244
4294967278,238
4294967278,242
2724,5
2724,4
4294967278,240
2724,2
2724,1
4294967278,236
4294967278,439
4294967278,317
4294967278,222
2722,5
2722,4
2722,3
2722,2
2722,1
4294967278,212
2720,6
2720,5
2720,4
2720,3
2720,2
2720,1
4294967279,201
2719,5
2719,4
2719,3
2719,2
2719,1
4294967294,412
4294967278,184
2717,4
2717,3
2717,2
2717,1
4294967279,172
2716,6
2716,5
2716,4
2716,3
2716,2
2716,1
2713,5
2713,4
2713,2
2713,1
2711,5
2711,4
2711,3
2711,2
2711,1
2709,6
2709,5
2709,4
2709,3
2709,2
2709,1
4294967278,318
4294967278,434
4294967279,526
2708,5
2708,4
2708,3
2708,2
2708,1
4294967279,223
4294967294,511
4294967278,214
2706,4
4294967278,209
2706,3
2706,2
2706,1
4294967278,208
4294967279,382
4294967279,174
4294967278,433
4294967278,313
4294967278,194
4294967278,432
2705,6
2705,5
2705,4
2705,3
2705,2
2705,1
4294967294,189
4294967279,171
4294967278,170
4294967279,170
4294967278,284
2702,5
2702,4
2702,2
2702,1
2700,5
2700,4
2700,3
2700,2
2700,1
2698,6
2698,5
2698,4
2698,3
2698,2
2698,1
2697,5
2697,4
2697,3
2697,2
2697,1
4294967294,1095
2695,4
2695,3
2695,2
2695,1
4294967279,226
4294967278,293
4294967278,221
4294967279,572
4294967279,529
4294967278,430
4294967279,224
4294967278,429
2694,6
2694,5
2694,4
2694,3
2694,2
2694,1
4294967294,458
4294967294,111
4294967294,397
4294967279,566
2691,5
2691,4
2691,2
2691,1
4294967279,280
2689,5
2689,4
2689,3
2689,2
2689,1
2687,6
2687,5
2687,4
2687,3
2687,2
2687,1
2686,5
2686,4
2686,3
2686,2
2686,1
4294967279,137
2684,4
2684,3
2684,2
2684,1
4294967278,243
4294967279,234
2678,8
2678,0
2675,8
2675,0
2678,7
2678,6
2675,7
2675,6
4294967279,228
4294967278,334
2683,6
2683,5
2683,4
2683,3
2683,2
2683,1
4294967278,336
4294967294,179
2680,5
2680,4
2680,2
2680,1
4294967278,425
4294967279,273
4294967278,423
2678,5
2678,4
2678,3
2678,2
2678,1
2676,6
4294967279,568
2676,5
2676,4
2676,3
2676,2
2676,1
2675,5
2675,4
2675,3
2675,2
2675,1
2673,4
2673,3
2673,2
2673,1
4294967278,321
4294967278,341
4294967279,269
4294967278,419
4294967279,196
4294967279,184
4294967279,181
4294967279,169
4294967278,314
4294967279,316
2672,6
2672,5
2672,4
2672,3
2672,2
2672,1
4294967278,169
4294967294,164
4294967279,168
2669,5
2669,4
2669,2
2669,1
4294967278,300
4294967278,260
2667,5
2667,4
2667,3
2667,2
2667,1
2665,6
2665,5
2665,4
2665,3
2665,2
2665,1
2664,5
2664,4
2664,3
2664,2
2664,1
4294967278,385
2662,4
2662,3
2662,2
2662,1
4294967278,357
4294967294,190
2656,7
2656,0
2656,6
4294967278,164
4294967279,153
4294967279,216
2661,6
2661,5
2661,4
2661,3
2661,2
2661,1
4294967279,569
4294967294,184
2658,5
2658,4
2658,2
2658,1
4294967278,274
4294967279,319
4294967294,421
4294967279,275
2656,5
2656,4
2656,3
2656,2
2656,1
4294967279,546
2654,6
2654,5
4294967278,353
2654,4
4294967278,254
2654,3
2654,2
2654,1
4294967278,410
4294967279,555
2653,5
2653,4
2653,3
2653,2
2653,1
4294967278,296
2651,4
2651,3
2651,2
2651,1
4294967279,373
4294967278,409
4294967278,408
4294967279,345
4294967278,405
4294967278,61
4294967278,60
4294967278,58
4294967278,57
4294967278,56
4294967278,55
4294967278,54
4294967278,52
4294967278,49
4294967278,47
4294967278,46
4294967278,44
4294967278,43
4294967278,42
4294967278,41
4294967278,12
4294967278,11
4294967278,9
4294967279,84
4294967279,83
4294967279,82
4294967279,78
4294967279,76
4294967279,75
4294967279,73
4294967279,71
4294967279,70
4294967279,69
4294967279,68
4294967279,67
4294967279,59
4294967279,54
4294967279,53
4294967279,47
4294967279,44
4294967279,42
4294967279,40
4294967279,39
4294967279,33
4294967279,32
4294967279,31
4294967279,25
4294967279,23
4294967279,22
4294967279,18
4294967279,17
2650,6
2650,5
2650,4
2650,3
2650,2
2650,1
4294967294,1414
4294967294,1417
4294967294,399
4294967294,183
4294967294,415
4294967294,167
4294967294,1172
4294967294,398
4294967294,465
4294967294,455
4294967279,567
4294967279,565
2647,5
2647,4
2647,2
2647,1
4294967278,404
2645,5
2645,4
2645,3
2645,2
2645,1
2643,6
4294967279,564
2643,5
2643,4
2643,3
2643,2
2643,1
4294967279,558
2642,5
2642,4
2642,3
2642,2
2642,1
4294967279,352
2640,4
2640,3
2640,2
2640,1
4294967278,403
4294967278,402
4294967294,113
4294967294,118
4294967278,248
4294967294,1091
4294967294,1006
4294967278,237
4294967279,325
2639,6
2639,5
2639,4
2639,3
2639,2
2639,1
4294967279,353
2636,5
2636,4
2636,2
2636,1
4294967278,301
4294967279,553
2634,5
2634,4
2634,3
2634,2
2634,1
2632,6
2632,5
2632,4
2632,3
2632,2
2632,1
2631,5
2631,4
2631,3
2631,2
2631,1
2629,4
2629,3
2629,2
2629,1
4294967278,393
4294967278,398
4294967278,199
4294967279,185
4294967278,292
4294967279,208
4294967279,207
4294967279,202
4294967278,397
2628,6
2628,5
2628,4
2628,3
2628,2
2628,1
4294967278,396
4294967278,436
4294967278,185
2625,5
2625,4
2625,2
2625,1
4294967279,315
2623,5
2623,4
2623,3
2623,2
2623,1
4294967279,551
2621,6
2621,5
2621,4
2621,3
2621,2
2621,1
2620,5
2620,4
2620,3
2620,2
2620,1
2618,4
2618,3
2618,2
2618,1
4294967278,394
4294967278,297
2617,6
2617,5
2617,4
2617,3
2617,2
2617,1
4294967279,303
4294967279,543
4294967294,456
4294967294,410
4294967279,540
4294967279,539
2614,5
2614,4
2614,2
2614,1
4294967279,186
4294967279,537
2612,5
2612,4
2612,3
2612,2
2612,1
4294967279,180
2610,6
2610,5
4294967278,175
2610,4
2610,3
2610,2
2610,1
2609,5
2609,4
2609,3
2609,2
2609,1
2607,4
2607,3
2607,2
2607,1
4294967278,174
4294967279,536
4294967279,535
2606,6
2606,5
2606,4
2606,3
2606,2
2606,1
4294967279,534
4294967279,347
2603,5
2603,4
2603,2
2603,1
4294967278,290
4294967278,375
4294967279,343
2601,5
2601,4
2601,3
2601,2
2601,1
4294967279,530
2599,6
2599,5
2599,4
2599,3
2599,2
2599,1
4294967278,389
2598,5
2598,4
2598,3
2598,2
2598,1
4294967278,366
2596,4
2596,3
2596,2
2596,1
4294967279,533
2595,6
2595,5
2595,4
2595,3
2595,2
2595,1
4294967279,267
4294967279,330
2592,5
2592,4
2592,2
2592,1
4294967279,328
